-957.9868942230 245.3084357140 1
-958.4640228990 246.8424483990 0
-956.3049949720 248.0549875300 0
-959.8134877230 248.7601747710 0
-965.2422102320 242.8021311260 1
-956.7015217580 246.1413622330 0
-970.3755131860 245.5389806910 0
-959.0636355290 244.5301662720 1
-964.7539772970 246.1616011940 1
-958.9433756190 244.5083676080 1
-968.1672952620 247.1518904370 0
-957.9845681520 245.8692263230 1
-967.7923071400 247.4919210020 0
-963.8080004270 245.3949455510 1
-966.4654210330 244.0404529470 1
-965.0740871840 246.1415731270 1
-960.1557592290 248.3082649820 0
-958.6226776750 245.1573309250 1
-961.9439858760 245.0974272810 1
-967.5376404190 249.2238748790 0
-959.5417485500 248.9761169690 0
-960.2284384940 247.8715515810 0
-965.2439488700 249.3925543850 0
-966.3866866030 245.9868439710 1
-957.4122383670 245.5988731520 1
-962.5346364080 243.5432033220 1
-965.0490217610 248.3726811180 0
-959.3783980530 243.4971274320 1
-963.4102845690 249.4660664180 0
-958.3813239460 248.1808172040 0
-958.8244873020 244.4281487230 1
-966.3098368940 244.0729621540 1
-965.8946355410 249.2817311090 0
-968.2919088400 240.1358402760 0
-966.0771593640 243.4913900620 1
-965.4805752370 245.8549745040 1
-968.4442556020 246.2258243640 0
-965.8420921660 245.4354770110 1
-957.7828015210 245.4946788710 1
-968.0501713930 245.5388498480 0
-967.9705323170 245.8016622440 0
-966.3712994130 245.9716973020 1
-960.5253228930 248.4853007940 0
-966.4655322840 243.0462313650 1
-959.6156264610 243.0912387650 1
-965.2065828010 246.3751858200 1
-966.0726594310 243.1731258840 1
-960.4320073320 248.0487308600 0
-970.6314380670 242.9637031140 0
-959.7027100200 243.2258626320 1
-957.3953496150 245.3707511270 1
-966.2632252580 245.2694118760 1
-965.7087615220 246.4643635310 1
-968.2711719720 246.8215447890 0
-967.6100077390 249.4054205810 0
-965.3923370710 245.9547009270 1
-966.2170873850 245.3293908000 1
-957.2924603760 245.4189807770 1
-961.5769767000 247.7277869180 0
-973.3069095240 245.9170859170 0
-964.3214649900 246.0658402140 1
-960.1217514810 243.7248678830 1
-971.4496328020 242.3138105620 0
-959.3474752670 243.1164742740 1
-960.6529358710 248.6671959750 0
-957.2489502980 246.3596527600 0
-965.9663696820 245.4949854470 1
-965.7940110180 246.0132842760 1
-964.0473099470 241.8104083620 1
-957.4542262620 251.6364752230 0
-966.4681577240 243.0138391820 1
-968.1733991800 249.1227924330 0
-961.3336113000 244.3026973200 1
-965.5128827950 249.7242626230 0
-960.7735458780 245.0516396470 1
-960.9390453240 247.7326184700 0
-959.7562312350 250.6636455710 0
-966.3220315950 249.2338046250 0
-965.3538811450 246.3953544170 1
-958.3235152390 246.0765436480 1
-968.2836165390 246.2758974700 0
-970.0028870210 245.1130223570 0
-954.1776622610 246.6984441210 0
-968.1035843610 248.2400519660 0
-961.1609628770 244.2607593080 1
-958.0568191800 245.4051348260 1
-958.9081065820 245.4158739630 1
-968.1784636950 246.4312958670 0
-963.3851982550 245.8862938740 1
-965.8973160610 249.1580900070 0
-964.5644361990 246.6137118900 1
-966.6036637230 249.0859877040 0
-965.7494474490 250.1547311300 0
-957.5887386860 245.6899384050 1
-957.8693801750 245.3887372600 1
-958.0371312780 245.4407785610 1
-964.4581505970 245.2956472280 1
-968.2177877650 247.0351342730 0
-959.9881550550 253.1544632880 0
-959.6870181550 243.5886768270 1
-965.9355686110 245.9680732780 1
-959.5371913400 249.0954367840 0
-968.3353489510 247.3559129560 0
-960.8862523160 246.6428049830 0
-958.9317090220 244.6185006650 1
-958.3092011490 246.0439975210 1
-966.1704951680 245.2999937020 1
-959.2842278440 243.3013749110 1
-958.5223903940 249.8029463330 0
-960.9282381070 246.6105433520 0
-964.9011523710 246.4632433740 1
-958.3117138850 245.1294185600 1
-966.2997091560 244.2343694350 1
-963.2866901900 246.2064964750 1
-966.2269252770 246.3693869120 1
-959.5710838930 249.1827983220 0
-963.9168847310 246.5311311990 1
-959.5375413170 243.4408761620 1
-966.2953944820 244.8549650110 1
-960.4746032240 244.0719802780 1
-960.2125309270 248.4890229700 0
-966.3585234930 244.4275478020 1
-968.2195185740 246.1384078390 0
-954.7065501950 250.5353722100 0
-957.9867817660 245.3486110610 1
-961.3803386170 244.2410620710 1
-960.0535412660 243.4562907070 1
-962.4461162280 247.0445150390 0
-961.8730921350 244.9424527870 1
-958.9160279020 243.7289902070 1
-966.5143208590 243.4998733640 1
-968.0262856590 246.7983037370 0
-959.0786720790 245.6068812000 1
-956.4127458250 244.9739241450 1
-958.3703036540 248.4316304710 0
-960.4405650990 247.6038295410 0
-966.4312763810 244.0880256980 1
-962.0843236930 246.8521312200 0
-966.3336557930 243.4728917040 1
-966.4272066680 245.7530418500 1
-961.0164732130 247.0525362190 0
-957.5478088340 246.5050060280 0
-959.7698805890 243.5915285760 1
-958.8471919920 246.6083108800 0
-963.7613790890 245.8554624170 1
-957.5414192460 245.4113095230 1
-959.9400296210 243.7055342620 1
-958.8450223130 243.6732478540 1
-967.3036200610 248.8846557070 0
-958.3090564780 245.4718042190 1
-965.7574506230 241.2878163740 0
-964.0735644300 248.5546827030 0
-960.8698345080 248.0697441540 0
-960.7850497730 247.4972063070 0
-958.3676415510 245.8032511830 1
-962.1855391610 245.2995400120 1
-966.6687176650 249.5699712030 0
-965.8599980630 246.0104737840 1
-957.5957235800 245.8157926970 1
-967.5094651970 248.8807271310 0
-963.5870213450 248.0061334040 0
-963.2182894810 245.9428503040 1
-959.7140742210 243.3024140130 1
-965.4207631760 249.4031843940 0
-963.1109503280 244.6244843870 1
-959.6075395520 243.7853803210 1
-970.6132121280 244.6787270780 0
-971.2588768750 244.7637236760 0
-960.6510193960 247.8463297570 0
-957.0042001050 245.5574001560 1
-965.0328627390 249.1899684000 0
-958.5185599990 245.5871558230 1
-958.8823296590 244.3202474530 1
-962.3046397600 247.0054283620 0
-966.5713257810 243.0567948090 1
-963.4270785990 246.3099726860 1
-966.0940496900 245.1993592520 1
-967.8799569560 247.9960374090 0
-956.4681733030 255.2050059540 0
-964.5959021540 246.2327143040 1
-957.8030637320 245.9902018930 1
-967.8308429600 246.6971324290 0
-960.9530210390 247.8783864510 0
-962.7064699970 245.7437165130 1
-955.3897863230 247.5652179180 0
-960.6524996330 248.7446459680 0
-963.3629259340 246.1529310100 1
-959.2503795880 244.2145400190 1
-958.3648679070 248.4036168820 0
-966.7747976630 248.8983528470 0
-967.7493157300 247.9389802780 0
-966.0735269190 244.9148409160 1
-966.5337706880 243.7921704280 1
-964.2664133140 246.6659250860 1
-967.0439363710 244.0786704250 1
-967.5407010060 249.2961098620 0
-957.5544759650 246.0031979520 1
-966.8686769310 249.3908125880 0
-966.5961221630 249.1828637110 0
-964.1650799020 246.4418382600 1
-960.9748842070 253.0359620970 0
-959.1305050870 248.7681799260 0
-964.4734761110 246.5729353740 1
-967.9546112660 245.6408511890 0
-964.6914291300 245.7835045520 1
-959.4197728210 243.2941065400 1
-959.9630183390 248.4811897450 0
-958.9662582840 246.9451941600 0
-954.5948974410 248.9774098050 0
-960.4177746540 243.5793548110 1
-967.9596532610 248.9884583880 0
-959.6538535500 248.8093716120 0
-960.1632507730 243.4574389850 1
-957.9091854760 245.2734629190 1
-964.8103508300 250.8630622010 0
-960.5657880190 247.8436915950 0
-965.6820954790 245.9323202000 1
-957.5329832200 245.7422196710 1
-957.3303383040 245.7991030190 1
-961.2573288060 244.5012326410 1
-961.5294076160 246.5536775500 0
-965.8712550040 246.5109934660 1
-963.9389459490 248.4694446160 0
-960.0690514030 248.7426148440 0
-959.4169096190 249.0535217080 0
-966.3793659650 244.2045399430 1
-966.5339564740 243.6185208200 1
-966.1402311380 246.0629625680 1
-961.6264729060 244.7795984350 1
-959.6398919960 243.1308178760 1
-962.8889054870 245.5744208560 1
-970.8912156680 246.4308149120 0
-962.2475576180 245.0691207690 1
-957.6517943410 245.3110809870 1
-960.8164556150 247.7236580080 0
-954.3472483720 247.3180995210 0
-967.1922761570 249.0656698100 0
-966.6305608670 249.4878340370 0
-962.2416401320 245.3834631320 1
-957.2074699400 245.7388584420 1
-968.7311730950 241.2999738910 0
