-359.7272603980 -763.8869688730 -243.7493570870 1
-353.2938013800 -770.2626006270 -248.0620673610 1
-356.3391352400 -768.8163373490 -247.3652812380 1
-347.0791943640 -765.7946765320 -240.6867345410 1
-356.6069433340 -766.6457320150 -245.1480117450 1
-351.8702288720 -767.8521132630 -246.9114047700 1
-353.6390714510 -773.8321340480 -250.1390140770 0
-360.0518001490 -766.6144682070 -248.4156180920 1
-360.6771733760 -764.2177185300 -246.8333656250 1
-361.2871042810 -764.5045615840 -247.0431756900 1
-355.2929568490 -764.9291222180 -242.8732940250 1
-356.5357309570 -765.4675164010 -244.2302420050 1
-354.4461821540 -772.3675896040 -246.7400346800 0
-353.9802584900 -766.3577012780 -243.7902555600 1
-354.3251751290 -769.2512195360 -248.1811591210 1
-350.1410534670 -767.8316061660 -245.3137013840 1
-357.5118263800 -769.3163752950 -248.7571508410 1
-357.4703683640 -766.1972910010 -244.9270037200 1
-358.1633781020 -767.5520008050 -244.1865064640 0
-355.7124111740 -767.2741012300 -241.0283007230 0
-359.9897614400 -768.2985938090 -249.9495616990 1
-356.9895616880 -770.1617018890 -250.4806877340 1
-351.3591824180 -767.9246492180 -246.0790727130 1
-349.2230613280 -770.0998900280 -246.3184487330 1
-355.5467804580 -773.9510839100 -249.3665452250 0
-357.7476711260 -766.5304541690 -246.1327331790 1
-351.5991863160 -767.9291754030 -246.1932776710 1
-356.2418616510 -767.6588274720 -241.7464820690 0
-358.1372504480 -767.3744019650 -246.8100923020 1
-361.8371860620 -767.4341849550 -246.4577257380 0
-358.0897342470 -766.8864026200 -243.4071625610 0
-351.2334297930 -767.7788028560 -245.6997195060 1
-353.8430680070 -769.0932287950 -242.3126009310 0
-355.0437458460 -769.0526827460 -241.6104379760 0
-361.2487197550 -769.4182793720 -245.8128421290 0
-353.0245093610 -769.3164867540 -241.8088387740 0
-350.0524654840 -767.4101967530 -244.3476182860 1
-349.9389497430 -767.1065632910 -244.6484382320 1
-359.9078581280 -767.3516361170 -239.4751515180 0
-352.7543929840 -769.6630523580 -255.4098920060 0
-356.2348795300 -768.0273967630 -246.8984197180 1
-357.0268263760 -768.7047833690 -248.6027071910 1
-357.2529117350 -772.3374523150 -247.3753882450 0
-355.4337599510 -769.6684049020 -249.1014489840 1
-344.5536030060 -767.7437994370 -245.9865724930 0
-358.5213793810 -768.4800875240 -248.9780937350 1
-357.6459551730 -767.0226396600 -246.5321856300 1
-355.4677099120 -769.7190683760 -243.7320472360 0
-363.1947561070 -775.6098973300 -246.4182807210 0
-358.5124490990 -764.8600053480 -245.9546875850 1
-353.3740395050 -769.1862021230 -249.0505222490 1
-355.6092179600 -764.5329210090 -242.7495998900 1
-352.8655600900 -765.3935047420 -237.2120603970 0
-351.8036528870 -766.9301877580 -244.3248332150 1
-354.9322048120 -767.3233231480 -245.7677476040 1
-358.6265815280 -769.6027320860 -249.9901291850 1
-353.5291598630 -768.5808004540 -248.6141071900 1
-359.0878531240 -771.7836793260 -247.6454999740 0
-353.5930911510 -774.1662712660 -250.0122217490 0
-358.0285360630 -766.4646246280 -240.5340731410 0
-354.2758199310 -766.5526602180 -244.1672451800 1
-356.9517115550 -770.2951364210 -250.5377237540 1
-354.5158311040 -767.2442697200 -245.1451563010 1
-351.1933449730 -768.0399067050 -245.6793389280 1
-357.1718149880 -767.6911390570 -243.0759576750 0
-345.1489760700 -769.1091060460 -245.9965111830 0
-360.9756409750 -764.4215657740 -246.1178764290 1
-354.3490828660 -770.3538614730 -250.8088163100 1
-359.2068726090 -768.9975112230 -250.1002221100 1
-356.6478070620 -767.6213164690 -246.7121248600 1
-351.5166973840 -767.8342932980 -246.4562119530 1
-351.7257969320 -771.9353864150 -246.2285275300 0
-354.8885868810 -773.9450394430 -249.1873777270 0
-358.9773396840 -771.5349643760 -247.4614829520 0
-359.8451076870 -771.0515862770 -248.5057458880 0
-357.4214293460 -767.6026016630 -243.4948226310 0
-351.3088666280 -773.6903619820 -247.2530799680 0
-350.6781972990 -767.6527183220 -245.0545109130 1
-355.3596097790 -768.9256285780 -246.9382526960 1
-359.4415988030 -763.6998690830 -245.5014799630 1
-358.7806783640 -767.7064555370 -247.3787191860 1
-355.7780260340 -769.3902167990 -249.0734831960 1
-362.5193084320 -765.7366744050 -248.4045717650 1
-357.0921430380 -765.7719245160 -244.7761152900 1
-357.3104935010 -768.1191265180 -248.3933532520 1
-357.4093548230 -764.9857763470 -236.7561141080 0
-357.3679774480 -765.6729491300 -244.4672779200 1
-353.8531118040 -766.6244431350 -243.3191757850 1
-359.9936901590 -770.0580724250 -247.6275910270 0
-366.4238057110 -772.4271933970 -248.5871843030 0
-355.7767346950 -773.0546809420 -247.4754781030 0
-360.2116997430 -764.2004764420 -244.9298221540 1
-360.3634042810 -764.4821444250 -245.7233166080 1
-353.3523965280 -770.9066902540 -244.2093342320 0
-352.5085575460 -769.4703316250 -248.5243420190 1
-353.7575513850 -768.1361193430 -247.1262633850 1
-361.6036648720 -764.9753255740 -247.6535714400 1
-353.9051919400 -767.7132558930 -245.3801605150 1
-354.6100620500 -770.0281644900 -251.3218460930 1
-355.2993138860 -767.9473894860 -241.5335475990 0
-349.5763564530 -769.1560636250 -244.9974918080 1
-349.7240058730 -769.9482900010 -245.5820176440 1
-357.1633628530 -773.1422094510 -248.3039520380 0
-355.6689980230 -768.1575050250 -246.5449321550 1
-361.8747476210 -765.0634520780 -248.4875596610 1
-357.1819676880 -766.5563791900 -241.8630198060 0
-359.3155210730 -767.1888967860 -247.7569560550 1
-364.0106458120 -773.7615656110 -245.6913035350 0
-360.8375621300 -769.5328195570 -247.7227319430 0
-347.2782789490 -774.3585441940 -249.7246955090 0
-354.2759176460 -765.3793795000 -242.6936709570 1
-360.4097201970 -764.9939434000 -246.9599141120 1
-350.4162115180 -769.3312942750 -246.2042373280 1
-359.4346878330 -768.9617950570 -249.8126825500 1
-352.3406700260 -772.5243300910 -246.8977327070 0
-353.8014140060 -771.1243883000 -243.3921738000 0
-356.4151008760 -773.3357347510 -248.5378473990 0
-357.1545513410 -763.3896837480 -243.0192652080 1
-360.0566984980 -767.9662572250 -244.8492298600 0
-355.2995726250 -769.6453006340 -249.6004015480 1
-361.3462136340 -764.9681017610 -246.9697974600 1
-353.2423306010 -767.3969635130 -243.9718630060 1
-354.6864321320 -766.7685028590 -244.7056921320 1
-365.9694260680 -768.5890202500 -246.0552334680 0
-354.7760413850 -768.1431691860 -246.7629887980 1
-357.0117441390 -771.0823224880 -245.5001684360 0
-355.2435787320 -769.8054587350 -243.5876319710 0
-361.8379768560 -765.0496270440 -244.0232575650 0
-357.9066316300 -768.6526071810 -244.2098231580 0
-352.7015107200 -768.3904926300 -246.6297947910 1
-367.0196791800 -770.3407669850 -246.0705880800 0
-355.0628481520 -767.8572452950 -245.9240732830 1
-347.8852567520 -770.8025279830 -242.8275009280 1
-353.0243428610 -768.5210013650 -246.8386645310 1
-350.8750240690 -767.7337987190 -239.6157154630 0
-360.5878919350 -768.1372464250 -244.9738365600 0
-353.0583435240 -767.7738518220 -244.7102930130 1
-359.0144871180 -765.3518600850 -246.4846433870 1
-359.1283094020 -765.2259766400 -246.4020489210 1
-364.8298706670 -773.1896179440 -246.2667117990 0
-354.4728910220 -769.5037537500 -248.8847179460 1
-358.4361931780 -768.0098814590 -244.9998114330 0
-355.6474492280 -766.6123292210 -245.4906269920 1
-353.8328089020 -765.8728835110 -243.3241690540 1
-355.6136116760 -770.1098950880 -251.1162107120 1
-349.7714860850 -770.7143778220 -243.3478413700 0
-361.7189322430 -768.7528991680 -247.9972468490 0
-360.1136333900 -763.8811714090 -246.1261812510 1
-360.3567530500 -765.8786349870 -247.9997994150 1
-355.9739981540 -773.0276153790 -247.3173564190 0
-358.1995226640 -768.0589685710 -248.0666568210 1
-351.6536599620 -767.6158492970 -245.8315328840 1
-350.4107147280 -774.3483503440 -246.2366592220 0
-354.6461983000 -768.6196926380 -246.1074066760 1
-360.0032996730 -766.7739035870 -248.5699471450 1
-354.4817068610 -771.9175273080 -245.4125571760 0
-343.0153632280 -767.4231396990 -243.6270161190 0
-360.3102773810 -764.1821586730 -244.6847045260 1
-356.7744882090 -766.4098996750 -244.8391316740 1
-351.5036597790 -771.0958821720 -243.5542463990 0
-358.5173663610 -767.9322041860 -248.7562837950 1
-354.2353679870 -766.9088406550 -244.2683319030 1
-349.3370159070 -770.9648444940 -240.5969128520 0
-361.5002023930 -771.4925343440 -239.2639891410 0
-352.9559847360 -768.5094767350 -247.4474539630 1
-358.5611827620 -770.6621662350 -246.2987834550 0
-360.4121281380 -765.4270397600 -248.2242248590 1
-361.7337645780 -765.5700410800 -248.6155434960 1
-356.8664420470 -768.0321442580 -247.6615159240 1
-353.1820451950 -769.1695985850 -244.1924587890 1
-353.2375123440 -773.6028595150 -248.5897077390 0
-353.2729961290 -768.4789367250 -247.9532290640 1
-352.2437648740 -770.5177597110 -243.6267050300 0
-351.1047469360 -769.3106937250 -247.4299045440 1
-356.1873719770 -766.9691589200 -245.0054521770 1
-360.6355033780 -770.5863932380 -248.4585045270 0
-352.8893071040 -775.1626939540 -249.5585983140 0
-361.6935541240 -765.2015691780 -247.6434394940 1
-346.5051471120 -770.1540726820 -248.5809311560 0
-354.0409069590 -771.2302305000 -244.5916975620 0
-360.8219605610 -765.4164161870 -248.6755483250 1
-349.6069290920 -766.9909646500 -244.2398451840 1
-359.1641630150 -769.7811790380 -246.6048631120 0
-354.5259395360 -769.5342867400 -250.1623352990 1
-355.2135769860 -771.4422415320 -252.3137185560 1
-358.8929107570 -767.2974551890 -247.2653461610 1
-352.7082417770 -770.9940642650 -243.4325540220 0
-354.3749250070 -773.0700993140 -248.9678199470 0
-354.4826369480 -765.5729250800 -248.0907822190 1
-358.6629426700 -764.4498550610 -245.6617759180 1
-353.6127317180 -767.7930755450 -244.3332954330 1
-351.5446345210 -766.7537533730 -242.4255576630 1
-359.2355138860 -764.7724063400 -246.4029177670 1
-357.7357411410 -765.9716114560 -245.7794087990 1
-355.4818170960 -765.8797742090 -243.3578968700 1
-357.7462694370 -765.9170132520 -242.6357277200 0
-355.3900876090 -769.6431258060 -248.7278139660 1
-359.6593139310 -771.8663875720 -248.1791586930 0
-354.7384866080 -765.5437457540 -243.1025540160 1
-358.4242449390 -764.3669635790 -245.4668758420 1
-362.7970408560 -765.9413793430 -249.4719231810 1
-353.1256575270 -768.5806591480 -247.7130786830 1
-354.2723048160 -767.4897902210 -244.8412924550 1
-354.1333633870 -769.7737868840 -249.3600291570 1
-360.4121144980 -766.7275020510 -248.7868232660 1
-360.8168161030 -764.8364583240 -247.8506684030 1
-351.4343727430 -767.2560100940 -244.6257992370 1
-353.9855938620 -770.4885508080 -250.7899320830 1
-353.9892150550 -770.3478133310 -242.6043689070 0
-361.1660123810 -769.2557565380 -246.0985034100 0
-357.9713942120 -766.1470796330 -245.9032759590 1
-361.7572063730 -768.8336894420 -247.6595372360 0
-348.3199088260 -770.4781286460 -247.7102875970 0
-355.1452670370 -769.0326169100 -241.5679021290 0
-355.7357744100 -769.2459653340 -247.7559979130 1
-355.6288698600 -765.2687657760 -238.6346990950 0
-358.6213413040 -763.2439048330 -243.7288741920 1
-350.1576127550 -772.0047811880 -244.7453268870 0
-361.6108520120 -768.5256039820 -247.5279566610 0
-361.5765616480 -765.5765208310 -247.4632021350 1
-346.3715210410 -768.4601143910 -247.1412021940 0
-358.3063870280 -766.3837352050 -246.2912948970 1
-347.0065280760 -769.3390047960 -247.9951099010 0
-354.9269771580 -764.8979183480 -242.1646732850 1
-346.8920933770 -773.9095935080 -248.9273277500 0
-358.1223292980 -764.5024933930 -244.9426891130 1
-358.6884527550 -767.7571030500 -240.2604539750 0
-358.6464392200 -765.2726012050 -246.0250857270 1
-361.2209979650 -769.6372036400 -248.4453121780 0
-353.0204981290 -770.7304710780 -243.0660188780 0
-357.9325868500 -766.2670821900 -243.2854995770 0
-355.2982081300 -769.2456944360 -247.1846550260 1
-354.3627528450 -768.8446656010 -255.1990241570 0
-358.1804571510 -768.3952306380 -248.0582391020 1
-353.9680490860 -773.9872881670 -249.8374485750 0
-350.2117997430 -769.6323364700 -245.8271559850 1
-356.4664958500 -766.9877434470 -245.9894791420 1
-355.3685761470 -772.6032208160 -246.3563198330 0
-352.7925572140 -776.2804514190 -254.1627470410 0
-356.7702633870 -765.8076275590 -244.1882660750 1
-355.6879063410 -773.4055416840 -248.8642004070 0
-361.4581931190 -770.6105853020 -238.8102306930 0
-356.8172846400 -769.0305043380 -244.1550603830 0
-358.6349615700 -763.1816507190 -242.6040856690 1
-361.8607116560 -765.4818202950 -249.7736628330 1
-352.7067987350 -769.9831774450 -249.5717064130 1
-360.6789646900 -764.9242713390 -248.0908438790 1
-355.5997021060 -768.7418782330 -242.2815535930 0
-355.3776722960 -769.9317469390 -250.9471277920 1
-350.2944115950 -768.0618660570 -245.2572309060 1
-360.0535464900 -764.0461685700 -246.2571219270 1
-356.0960114550 -768.4101957730 -240.2199697960 0
-353.3465855120 -772.6870266120 -246.8917562360 0
-351.1361071360 -770.7243940060 -242.5402386970 0
-350.6082710250 -767.2933766090 -245.0220025990 1
-354.4431567400 -772.9446654780 -256.3242438520 0
-358.6572052410 -768.6196669420 -244.6751666170 0
-345.7829568040 -763.7183778840 -246.8645642070 0
-357.6214887100 -767.9414233690 -248.1675811750 1
-354.5828017010 -767.9054774470 -245.4571864270 1
-356.0104682350 -769.3661012850 -248.9176513460 1
-351.7365738340 -769.7533328380 -256.2613087150 0
-357.7602393990 -769.1683275250 -244.5759461070 0
-351.6065271780 -767.5333961180 -245.2765501840 1
-356.1280677510 -769.4984597430 -243.2888558040 0
-352.4954155620 -770.3293144760 -241.7047614340 0
-361.5339079140 -768.8088315480 -247.1879071200 0
-358.7368300670 -771.0450894040 -246.6925984030 0
-354.7920985990 -773.8207646730 -248.3060501220 0
-354.5005783450 -769.9699104560 -249.9015120840 1
-353.5177932510 -772.7202617200 -248.6468480760 0
-357.9026786370 -762.3386154150 -242.8892095340 1
-359.6322513760 -763.9081913080 -245.7763304680 1
-354.5402078380 -769.4590520800 -250.3143648340 1
-358.1215860180 -768.0743010410 -248.7255685850 1
-356.5599383310 -772.7577139000 -248.1144458930 0
-358.1649233530 -762.1550246130 -242.7124637190 1
-359.1497758180 -768.7909003400 -249.7738037760 1
-351.3666910600 -766.9263553200 -243.3838877880 1
-350.2551920480 -771.9906313340 -245.1522748910 0
-352.7314352050 -767.0681491650 -243.2739605830 1
-356.3721151220 -771.6728353820 -246.4396253060 0
-360.1270137700 -766.0627932650 -248.1192624530 1
-346.8370599050 -770.6389947860 -248.8042945720 0
-355.9506232900 -769.9764542340 -248.6852950950 1
-360.0749954720 -765.1537466470 -247.0496442390 1
-353.2311645870 -772.4766621980 -248.2607232960 0
-350.1330806740 -769.7896459280 -246.0841284620 1
-359.0456877390 -765.6597621940 -246.6842489750 1
-353.3469661310 -770.2042327420 -242.4589063760 0
-354.4712599590 -771.0961437800 -244.4499400990 0
-355.2312980620 -768.8772601230 -247.4327699240 1
-355.2213996740 -766.3219957020 -244.8993873920 1
-356.0549601510 -774.0498582860 -248.3720271420 0
-351.8065334490 -768.5347715510 -246.7444941900 1
-353.6003381350 -767.9002419760 -244.9373604350 1
-350.9795358780 -768.9013864240 -246.2547108790 1
-352.6340072880 -768.1201866980 -246.6170328290 1
-351.7363236050 -770.6063994680 -249.1651748570 1
-358.2280854940 -764.4990468640 -241.8074542800 0
-353.5103163600 -767.9639553090 -247.2267383200 1
-358.9903667590 -768.4906983170 -249.3118874120 1
-360.7428959950 -768.6902594330 -245.9943621290 0
-356.9756460590 -769.3435643440 -244.0034325530 0
-354.0843190600 -770.1180073310 -250.3399599810 1
-350.4932733220 -767.7585820340 -245.4782437410 1
-348.9237301590 -771.1899606350 -242.7364329400 0
-352.8962651910 -767.8166016140 -246.0400246110 1
-354.4411503910 -770.5774135250 -258.3345896320 0
-360.2772550180 -767.6587100270 -246.5012905100 0
-355.0756510010 -769.7765340970 -244.1095455110 0
-358.4915518280 -768.7746425680 -244.9063294820 0
-361.3936724230 -765.5215266480 -247.1065474490 1
-355.6901543020 -764.8241555590 -243.0664798490 1
-352.7924090670 -772.2400166520 -246.1870886820 0
-352.5161075310 -766.8668088500 -243.9028097070 1
-362.4459848230 -766.2619121950 -249.3426711760 1
-358.3948924660 -766.1754552780 -243.4909008300 0
-354.1138039840 -771.3945126190 -251.3324951630 1
-361.3401224740 -768.9068380770 -246.6601846560 0
-354.7496121310 -772.8873762780 -246.4473230370 0
-349.8292352010 -766.8125149220 -244.3290935540 1
-351.2163942260 -770.2733534990 -248.0257092580 1
-351.0953727860 -771.9046195920 -245.5680922140 0
-351.3772122200 -770.9109398560 -243.2842650320 0
-350.2562642380 -775.4160968090 -253.1055218730 0
-360.4250341850 -767.1889458130 -249.2078273820 1
-353.9872326950 -769.1777931010 -248.4064883350 1
-357.4986520770 -763.4589667180 -243.4106296840 1
-353.1293065290 -769.2448779290 -241.0047145570 0
-362.6015983160 -772.3195911260 -243.7796724150 0
-354.2173742470 -768.6433882700 -246.3015913300 1
-360.7649846400 -766.7431188710 -249.1463573480 1
-356.9521609090 -771.4454262400 -246.4714382240 0
-357.6352980840 -767.5090951240 -246.3002719020 1
-358.4793755330 -762.8544088570 -243.9138692550 1
-360.0267442250 -764.2553956000 -246.5963496190 1
-355.9421497720 -767.3278832050 -245.9074287750 1
-354.7585466750 -768.8421348470 -242.1062909020 0
-351.3297854430 -769.8988817540 -242.3894172440 0
-352.0996577910 -770.8153432250 -249.1684968270 1
-357.6551216370 -769.8600467590 -250.2761932360 1
-363.7987802880 -766.2139978880 -245.3354974150 0
-352.6006059070 -767.1958659320 -244.1058694270 1
-362.1368053040 -770.1023135860 -247.4156428460 0
-356.9496664080 -769.8182180250 -249.2377695940 1
-357.7739535940 -771.2552482740 -246.8513703010 0
-353.5505392620 -768.6636175420 -246.0578674800 1
-344.8192878240 -769.7403856720 -244.3184950670 0
-360.6103810410 -770.4255959030 -240.7693785180 0
-353.3944144400 -768.4583319110 -246.2930175790 1
-357.0824689870 -764.4757510690 -244.0910363660 1
-355.5049329910 -773.1835463850 -252.4776350340 1
-361.9444990660 -765.3779600040 -249.3543675700 1
-356.3274909660 -766.0268915680 -245.0446980620 1
-353.6875347160 -769.4196311840 -249.5354247410 1
-357.7843708170 -762.5251127070 -243.5357530910 1
-353.1289974220 -766.7781424410 -243.5598104900 1
-359.7662697590 -763.5416328040 -245.1519052590 1
-360.1311973680 -767.5492001350 -246.0914270440 0
-354.2362867430 -767.9862206370 -245.9368149240 1
-351.3933289740 -769.3672639230 -247.3389484250 1
-353.6890058540 -773.8363326280 -249.5440749900 0
-359.7169041880 -771.0292060440 -248.2405947000 0
-356.9453658650 -771.3837688790 -246.5062135470 0
-354.2286747420 -771.0828137560 -251.6363745340 1
-360.4351755500 -764.7555223050 -246.8753895490 1
-350.9915269190 -766.7228523920 -244.0112680960 1
-360.6874024250 -765.0489449840 -247.7958967660 1
-352.4457879180 -767.7818655560 -246.3241362020 1
-355.9979285680 -773.9916068050 -248.7426232020 0
-353.3472718260 -772.3726070350 -251.4023488590 1
-357.8433550240 -773.0368742200 -248.5629900160 0
-360.5370526170 -764.7825132520 -246.4465218720 1
-350.9708866920 -769.9802505360 -247.0069591740 1
-354.6825208460 -767.7588877020 -246.0673293670 1
-354.6243986340 -770.9686880630 -244.2478471570 0
-357.4910942180 -769.6291367970 -248.9937061570 1
-358.6356580540 -767.5647513410 -244.6498718420 0
-356.9522140230 -767.0756453690 -247.3421063710 1
-354.1609329290 -768.8782695990 -246.5195363960 1
-353.6599306020 -769.6478995240 -248.9920818560 1
-364.2375535780 -774.4486129720 -246.6735667900 0
-357.7459236820 -762.4599824630 -242.3751355350 1
-353.9517480540 -769.7788630990 -250.5569457020 1
-357.7532248980 -770.5669525240 -245.1800420300 0
-358.8222454910 -769.0650310890 -249.8858665460 1
-363.6481004470 -766.2878272020 -240.8068639820 0
-355.7414831890 -766.7010641370 -245.6933610970 1
-358.2058617220 -772.1571868340 -248.3077415490 0
-355.0674809340 -765.1134948350 -242.8245023910 1
-358.4238216950 -765.5405231660 -245.6704610840 1
-361.4033953830 -765.1040165560 -246.3884944940 1
-352.5179211400 -767.0154794330 -244.6042620170 1
-354.9511174970 -768.6976839330 -247.5767167130 1
-357.8537388150 -766.5992315040 -243.0279150240 0
-351.4857633240 -770.5848479940 -248.0387717420 1
-354.7472291960 -773.7807572230 -250.1440559410 0
-358.1182232820 -764.8619463480 -245.5535839400 1
-353.2308492700 -766.5700529330 -242.9128560970 1
