-304.6287377410 -542.2492697340 1
-297.4238558460 -547.4388308470 1
-305.4277333860 -539.1648203220 0
-304.5649628560 -541.7636866110 1
-301.7699667950 -542.1553922800 1
-301.0164534760 -542.0455769520 0
-299.2501655420 -547.1387716200 1
-298.7844531450 -547.5772975340 1
-301.6582516550 -542.6608890710 1
-305.4109480440 -540.1431531830 1
-300.8415797250 -544.1868287350 1
-304.7763911850 -541.0842717260 1
-297.6323652140 -547.0917105530 1
-304.7669110230 -540.0225754550 1
-305.1816284830 -538.7887043130 0
-302.5095202010 -540.7712124530 0
-304.0823590090 -540.4515746180 1
-304.2272153110 -542.1115131920 1
-301.4672154990 -541.9232919230 0
-297.4141509410 -547.7607293020 1
-299.8368311990 -543.3073547520 0
-305.6445335900 -542.5765623470 1
-299.2895513080 -547.3470968560 1
-297.6510038520 -547.0775574830 1
-300.5048062360 -544.7484822310 1
-303.6567322970 -541.8793445640 1
-304.8908524760 -540.8935091980 1
-300.6409268680 -544.7122591050 1
-300.3741380000 -543.9122152490 1
-301.5984549810 -541.4949684670 0
-304.9790718930 -539.4602876930 0
-298.9677252130 -547.4773878850 1
-301.4815214390 -543.1090213940 1
-298.2538865500 -547.8739237250 1
-303.9072193490 -541.2354730240 1
-296.8953653950 -543.5744752250 0
-304.8707557120 -539.3462008190 0
-301.9978522450 -543.1319026410 1
-304.8070284650 -539.8122031070 0
-303.8874577190 -540.2332418310 0
-303.3302124660 -542.0448597880 1
-297.6784558170 -547.6301249050 1
-297.6903599110 -547.6135077930 1
-305.4366868070 -540.8524341450 1
-299.0559402610 -545.5999475650 0
-303.6596518680 -542.4667496220 1
-298.4810547860 -541.5788737690 0
-298.1812436180 -546.9605599160 1
-302.1024867000 -540.8388284690 0
-298.4898529610 -546.5239068870 1
-303.0743120950 -541.4846730550 1
-298.5182885500 -547.3273832820 1
-304.4567100920 -539.6482090120 0
-303.9183635170 -542.0954121750 1
-299.2533480570 -546.4599991530 1
-299.2294042420 -546.9134937730 1
-302.3367547260 -540.4279385360 0
-304.7954219840 -539.9651257260 1
-304.0665633780 -542.3960403770 1
-297.7933088810 -547.0235658820 1
-308.1455735980 -542.3401132600 1
-301.7235410100 -543.1969423640 1
-300.0721421720 -545.1934724040 1
-303.3597873950 -542.0806842200 1
-301.7042782240 -542.5211071420 1
-300.4175599870 -542.5542478100 0
-304.9639198790 -541.0260585470 1
-305.5818514630 -539.8216600170 1
-299.3092097000 -546.1790351130 1
-299.2274020020 -547.2571314230 1
-300.8035249010 -544.4031505250 1
-298.9676601400 -547.7472514250 1
-297.5964237060 -546.9875032280 0
-305.4603985050 -540.3280244410 1
-304.7606635460 -541.1847583240 1
-301.3382539450 -543.6021732370 1
-299.6395860290 -543.6773874690 0
-297.7068562390 -547.6698109480 1
-304.2443819670 -542.5072965610 1
-298.6730250290 -547.3106075670 1
-301.5479911440 -543.3858861530 1
-302.0637964630 -541.8541301670 1
-299.4199429730 -543.6078503570 0
-299.5317991130 -544.2789835800 0
-300.4155549200 -543.8412984320 1
-306.7825489130 -541.6022460830 1
-297.3616220070 -546.9340203840 0
-305.7555557650 -540.0101212870 1
-302.3559847110 -541.7616837480 1
-301.3312076370 -543.9540213210 1
-301.7607994870 -543.2318034710 1
-304.8357447200 -538.8907644490 0
-304.0548049630 -541.7260197120 1
-298.5156204090 -546.3090362560 0
-298.6563838220 -545.5000927950 0
-302.7467751510 -541.5900496340 1
-301.5091336700 -543.4977658890 1
-304.5205445850 -541.3567419020 1
-301.0416357830 -543.8033472100 1
-301.8662699310 -541.3253976070 0
-300.9774775850 -544.4894654700 1
-304.6860867110 -541.0988450000 1
-297.9731009730 -547.7622256100 1
-299.5776062860 -545.6237829240 1
-300.9310185330 -543.9225744920 1
-301.3294097740 -541.1191042440 0
-299.6259760200 -543.9749490550 0
-302.9769837300 -541.6162985810 1
-304.6965016240 -542.3728339840 1
-298.4368736920 -547.2204535520 1
-297.5085919830 -547.1822322570 1
-299.7772023420 -545.6096769610 1
-303.7309538820 -541.9392852050 1
-304.6537125830 -539.5322512310 0
-300.6625436940 -543.7646777520 1
-303.4900160800 -541.9548621470 1
-301.4806918120 -541.7431454010 0
-300.2064925790 -544.3998512660 1
-301.6028575670 -541.6845892540 0
-303.9474342690 -542.2134132260 1
-299.3352169730 -546.4030237660 1
-305.2142380870 -539.9549080530 1
-304.6858515110 -539.8068136870 0
-300.3405035080 -544.3490396060 1
-299.0742547990 -547.5991143500 1
-305.2838969070 -538.5896593050 0
-301.2114112610 -541.5750196460 0
-305.5391454100 -539.3647104610 0
-301.2652461100 -543.8002947500 1
-301.9142270770 -540.9422620520 0
-298.0282218470 -546.0848490000 0
-304.8368148960 -541.7169669050 1
-301.1700678470 -543.4600916290 1
-299.8948359880 -545.1779245610 1
-297.9524395120 -547.5276764450 1
-300.7400871280 -544.5965003660 1
-299.3187234550 -544.9720559470 0
-300.0226444580 -545.4067416740 1
-303.5895383190 -542.0045713890 1
-297.9506027740 -547.6876499910 1
-304.2191011720 -540.8058455240 1
-303.2747601760 -541.8660050870 1
-305.3559872200 -540.7078987930 1
-308.0269122640 -541.1441335330 1
-300.1120044470 -543.5932826230 0
-302.4316268240 -542.2648288630 1
-298.7138722520 -547.3893127260 1
-297.7312245230 -545.8897468710 0
-302.2744926690 -542.6246411110 1
-299.2380622150 -547.1189679220 1
-299.3567850010 -544.9073907190 0
-300.3429252510 -544.1843433800 1
-294.1854180310 -543.2793564530 0
-299.1966529910 -544.6882990100 0
-301.5247922380 -543.7911817850 1
-304.4961096500 -541.3174548260 1
-305.2676793680 -541.0011567360 1
-302.7413061000 -541.7259227920 1
-301.1992579770 -543.7660009050 1
-297.9120796850 -542.2014768990 0
-304.0950752830 -541.0568180830 1
-300.5299208230 -543.1374226530 1
-299.3113691010 -546.7630652530 1
-305.5495843230 -540.3918825780 1
-299.5357478230 -543.7058744370 0
-298.3540920650 -546.2489302020 0
-298.4088479500 -547.6583959960 1
-310.1599806470 -539.6845013540 1
-309.3626467170 -540.4072430370 1
-297.3521651460 -545.8106298300 0
-304.4041917450 -542.4495234890 1
-301.1215564680 -543.3671918280 1
-299.6343357680 -546.2609246170 1
-300.8105094330 -544.0944096940 1
-302.4882951850 -540.3455146800 0
-304.8221955910 -540.1625503840 1
-299.4196574650 -544.2019885740 0
-300.0364204830 -544.8863823450 1
-303.2793148420 -541.1654171250 1
-301.4482072040 -542.5963659430 1
-297.0816718810 -546.2926025170 0
-305.0244179060 -541.0301456810 1
-304.6201370530 -541.8137569640 1
-299.5255573210 -546.0483927180 1
-299.0067164020 -547.3491258700 1
-300.0506932100 -543.0315402700 0
-299.0835807330 -546.7021861020 1
-303.3956480610 -541.8035501690 1
-298.6710686040 -547.6418405300 1
-300.7566463430 -543.6560757380 1
-302.2900983580 -540.8998061970 0
-302.8521617740 -541.8464352780 1
-298.9180440210 -546.9895915970 1
-303.1970432130 -542.4171010510 1
-298.2529023790 -546.4500467980 0
-299.8895440410 -545.3120454540 1
-304.3502445640 -541.9800095000 1
-302.6020321930 -541.8048454950 1
-300.4733406120 -544.6451393180 1
-300.1286924600 -544.9419459670 1
-305.1982592790 -540.3611674420 1
-301.2213293280 -543.2431164610 1
-305.0010125470 -541.4850219120 1
-308.2252160500 -541.4772375740 1
-291.3093682290 -543.0584622940 0
-291.8638540040 -545.5823564080 0
-302.6196078630 -542.3631746990 1
-299.4620527040 -545.7683264260 1
-298.9506382880 -545.0059412020 0
-297.4208812780 -547.5139040170 1
-297.4943381450 -546.9565175730 0
-299.0914800010 -547.1738887430 1
-303.8339729960 -542.2558420220 1
-297.6693796310 -545.8901471880 0
-298.6775821600 -547.2580628540 1
-299.8013396480 -544.6151847390 1
-300.1859211770 -544.7802665140 1
-303.1291641100 -542.2727829700 1
-300.8321087740 -544.5432858400 1
-305.0718313810 -540.4565265960 1
-304.8760587940 -540.2275173600 1
-298.9733669740 -545.8017630830 0
-304.1311094930 -540.4975919350 1
-294.8923453390 -543.5354311180 0
-301.3854059450 -541.7935070690 0
-298.3196104920 -546.3367011550 0
-305.2824044600 -539.7262156690 1
-302.6674183720 -540.5809565070 0
-301.9812796970 -542.6878703900 1
-298.1741152260 -547.6181382500 1
-298.8353017290 -547.2489342370 1
-304.2821131100 -541.5294944710 1
-303.0511319430 -541.7346234610 1
-302.9548787110 -541.9754822750 1
-304.6540250210 -541.2047400600 1
-299.3366616720 -546.7871145630 1
-304.7628215470 -539.6721510020 0
-299.6805677890 -545.0902651080 1
-302.6520674290 -542.1798491580 1
-303.7866885310 -542.1460390680 1
-297.6055089630 -547.4733258080 1
-295.1914151920 -544.4092361000 0
-304.9751887690 -540.9641321960 1
-299.3923933370 -545.7561595060 1
-304.9921508880 -538.9549584900 0
-303.3844707560 -542.0098504310 1
-299.8401564200 -545.7282591420 1
-299.2276506680 -544.1206696340 0
-301.0968129580 -543.8826919460 1
-301.3494008610 -543.5878255440 1
-305.0281542200 -538.5051323210 0
-304.5660728700 -541.6199660380 1
-304.7483314260 -541.4216608290 1
-299.8283802890 -543.6620528810 0
-300.2794549680 -542.4811956730 0
-302.7287411840 -542.3405020050 1
-301.9526062300 -542.2195406030 1
-300.6897974370 -544.5782940580 1
-305.0649809060 -539.6587949840 0
-301.1394922770 -541.5511822110 0
-303.9722430770 -540.9264441710 1
-303.0301766080 -542.2659256510 1
-302.8503012110 -541.5938599480 1
-302.7623264490 -540.6035618080 0
-300.6005804870 -544.2553890980 1
-298.3162155460 -546.5974625340 0
-297.4751179940 -547.5254123210 1
-299.4859937170 -545.8863722380 1
-302.7553314890 -542.3945957100 1
-304.8765311600 -541.7593722920 1
-302.3100489910 -541.5798652610 1
-308.3160227950 -540.3209656690 1
-304.1879108200 -541.8452186190 1
-304.6890693380 -539.4852774640 0
-302.4543283370 -542.4736366260 1
-303.2918496580 -542.2692402040 1
-298.2660936950 -547.7030077030 1
-299.9719579250 -545.0380898660 1
-299.3231403010 -546.6770167180 1
-298.0129245700 -546.1926678760 0
-293.2725215920 -546.1673948410 0
-298.5365802770 -547.4935668180 1
-301.7098775950 -541.5275643660 0
-304.4945007060 -539.6811890780 0
-300.0564487730 -544.1687832600 1
-302.7571476580 -542.2787335400 1
-299.6243263360 -543.9965577830 0
-297.2915179630 -542.1712436890 0
-305.0661395910 -540.4526188710 1
-300.9165640320 -543.5916985990 1
-297.1604979050 -545.8892457000 0
-299.4607402430 -547.3107913090 1
-305.1190205410 -541.4279987770 1
-305.2936551330 -541.0249348380 1
-302.1019410990 -542.8649159570 1
-304.5861834760 -542.1120867710 1
-302.2538168540 -542.2876772810 1
-301.9488891180 -541.4153153510 0
-302.5509899060 -541.6707390750 1
-298.5140724000 -545.7397249300 0
-297.5117887580 -546.9677136510 0
-301.0014463550 -542.2571150050 0
-297.6033072930 -544.2162138640 0
-304.9523336420 -540.7646707130 1
-298.8229227090 -547.5570525280 1
-303.5925757850 -540.5221152730 0
-303.7888817660 -541.8620141100 1
-301.5275341420 -543.7772937750 1
-302.7250392290 -542.4090719040 1
-301.8303102550 -540.7110671330 0
-305.4787710530 -539.8287784130 1
-301.2358813190 -543.6195923350 1
-299.2858398760 -546.4617504400 1
-299.8885943840 -545.6263469770 1
-304.3176036040 -542.0091941000 1
-301.2132676890 -543.8531767140 1
-301.4247965260 -543.1863235290 1
-299.8396943270 -543.1801776780 0
-297.4449787990 -545.9645418090 0
-300.3901049870 -544.8501755500 1
-297.3276434160 -546.9943747730 0
-303.0253170420 -542.4587242870 1
-302.2827542220 -542.1795156930 1
-305.2597768960 -538.6803170800 0
-302.5151066750 -540.8441524100 0
-302.7840814570 -541.7683597010 1
-303.2701604870 -540.5227943020 0
-303.2353101470 -540.6942781270 0
-300.9514386900 -543.8272240790 1
-302.8283141710 -540.3544949410 0
-299.1525116830 -544.0255916310 0
-302.6015657890 -542.6107316450 1
-299.8904431730 -545.0483189600 1
-298.5166535150 -545.9157936910 0
-299.5474464460 -543.2994213330 0
-299.3700576460 -546.6656917740 1
-300.3015892130 -544.5645399080 1
-302.0319458690 -541.9792032480 1
-301.0790268380 -544.1766464060 1
-303.1678680640 -541.6171852670 1
-304.1084594290 -541.1345364390 1
-310.5010597640 -541.2646240170 1
-302.6693928490 -542.5246296700 1
-301.6450298890 -542.8286732410 1
-301.2127799770 -543.6386585580 1
-301.9879026220 -542.5933207310 1
-303.7264558240 -541.7564736740 1
-299.8337927770 -543.6968620310 0
-301.5814289190 -542.9938058040 1
-300.9908004050 -542.1746397580 0
-304.8540697640 -539.1907756580 0
-304.5967558300 -542.1090193470 1
-304.3258158920 -541.5908062360 1
-304.3764809090 -540.1573146490 0
-299.7828179620 -544.8097342150 1
-302.2102426800 -542.5025283770 1
-305.2801480850 -539.8498877840 1
-307.1429365990 -542.7712817380 1
-299.2423197900 -547.3897864010 1
-301.8480010020 -543.0021720990 1
-305.0255430130 -541.2586354110 1
-304.7179950830 -541.8564196640 1
-300.2764751260 -544.0922363330 1
-299.2835506630 -545.1722467210 0
-300.0605186300 -545.0247540000 1
-305.3289304670 -540.7352379540 1
-297.8127608030 -546.1296045700 0
-298.0066743830 -547.1983264950 1
-300.4997642460 -544.5988745530 1
-305.0864014710 -538.6142491950 0
-299.5597496960 -543.1644952640 0
-303.7513399720 -540.4095003330 0
-298.7119311190 -547.0704573680 1
-298.6254249850 -547.1086574990 1
-297.3425307450 -546.0618933960 0
-305.0785195810 -541.7262220190 1
-305.1105212890 -540.4264379920 1
-301.6193490810 -543.2080386090 1
-299.1637518230 -545.2263302100 0
-304.5864280080 -541.3780914930 1
-293.6691300560 -546.0163347570 0
-303.1574313170 -541.6017116800 1
-301.3243645740 -541.8454246240 0
-298.5168595910 -546.4818364880 0
-302.4010003480 -540.4143120770 0
-300.0711894290 -544.7520600780 1
-299.9536401800 -543.5036285250 0
-299.1458828900 -545.1041322260 0
-298.8066020080 -545.4973816820 0
-304.6248370630 -541.5275270750 1
-298.7798504230 -547.6716779590 1
-298.8955705280 -547.0804595510 1
-297.8582753890 -541.2749975230 0
-304.6755884970 -541.8448187980 1
-297.7368832030 -547.0259500590 1
-298.2228433770 -547.3180160250 1
-301.4111760130 -543.3986192370 1
-300.9833861420 -541.5298158590 0
-305.4059572860 -539.3489833590 0
-303.0465440160 -540.6499706940 0
-298.5004516330 -546.2486672210 0
-303.8145614640 -542.2739335070 1
-298.9903615080 -546.1027326050 1
-299.6724228670 -542.9593944400 0
-301.5353141100 -542.4963491680 1
-300.7908565750 -542.7710093500 1
-298.9429351040 -545.4196630180 0
-304.4248822390 -542.3500653090 1
-298.5655818650 -547.4988898630 1
-305.3325471520 -540.3886047330 1
-299.9257218580 -544.7102860930 1
-299.6258978200 -545.5162736770 1
-304.5197520900 -539.6656837720 0
-295.3915817030 -543.6612643790 0
-302.8633002590 -541.5810566350 1
-299.3647493280 -546.1052478620 1
-303.0577481810 -540.9827541500 0
-304.5374494510 -541.4317687270 1
-299.5712936620 -546.9602908290 1
-299.7463736550 -543.7651135120 0
-299.9004039010 -545.2446218990 1
-302.4703765900 -542.2197911550 1
-300.4089804350 -542.8547693910 0
-303.3958054570 -540.6794965220 0
-303.0427452110 -541.9113097060 1
-300.3353500850 -544.4065715870 1
-301.1701357650 -543.5033189940 1
-302.4365700320 -540.8302453640 0
-301.4987535260 -543.8310567010 1
-301.1322179450 -541.8335877370 0
-298.9911883610 -547.1247706840 1
-302.2563154770 -542.0041379520 1
-299.4052149950 -544.8533715760 0
-305.4344436240 -539.5036861050 1
-305.2980379720 -539.7390523980 1
-305.0225181820 -541.7999880670 1
-305.0597244050 -537.8780088290 0
-299.4586173720 -546.3015325310 1
-299.3057023130 -543.5749651340 0
-299.9512138170 -544.4552338110 1
-305.2651381870 -539.6468261360 1
-305.1262027470 -541.2856996250 1
-297.6471898580 -547.5603704000 1
-311.0142005710 -540.9701804020 1
-298.3564142240 -547.6718240790 1
-298.8307718290 -547.8745773250 1
-297.6752217610 -547.0603812920 1
-301.5017711630 -543.8114848020 1
-298.3799727450 -546.2381820040 0
-304.4755246940 -542.0016233420 1
-301.8382362060 -541.1829949610 0
-301.9237279700 -540.5592819750 0
-302.1112156880 -541.8677633430 1
-303.8804445330 -541.6904096220 1
-300.2718373800 -544.2662465140 1
-304.6813524800 -541.4493890360 1
-298.7736699890 -547.0715186520 1
-297.8522534760 -547.5734173920 1
-298.4693759760 -545.5485409950 0
-300.7551078660 -542.3377716330 0
-297.9250550850 -547.2011925220 1
-303.9103372840 -541.0754820350 1
-297.6684555030 -545.8877391830 0
-299.4246149400 -543.8675748560 0
-305.2647621630 -540.7699534340 1
-302.7794039630 -542.4055174830 1
-304.8337518100 -541.7766617780 1
-304.6028268250 -539.6159594430 0
-292.6728315680 -542.6993204200 0
-299.1946567890 -546.8620924290 1
-301.7970983740 -540.6907480230 0
-300.0178971610 -545.3008519790 1
-299.8788243830 -545.7222942900 1
-299.8608453650 -544.7721209220 1
-297.7175687700 -547.6554336930 1
-299.5387727310 -545.8702074750 1
-294.5010414440 -543.4408441280 0
-298.8093333240 -547.0602119740 1
-300.3242675190 -544.1959938990 1
-302.0990417310 -542.5542781010 1
-302.2563242490 -542.2626120820 1
-304.5093398600 -542.1168724700 1
-304.6301512800 -541.6522259900 1
-297.8142995800 -546.9687724730 1
-300.4825304220 -544.1403681990 1
-303.5282356710 -540.3683744950 0
-303.6281404890 -542.3250434030 1
-304.7901757210 -540.1125567780 1
-301.2021127790 -541.2878876860 0
-305.0120314370 -539.8693576070 1
-298.2259546560 -545.4547494530 0
-301.0354104680 -543.9690121320 1
-303.7431121230 -542.0441031060 1
-297.6451634550 -546.3112182850 0
-298.2789896440 -543.8175308830 0
-302.1018353510 -540.8234066490 0
-300.0369485190 -544.7248144160 1
-299.4021016750 -545.8562745530 1
-293.9296215910 -542.9454381260 0
-305.4412106480 -540.0596890170 1
-305.2552785800 -540.0254719340 1
-301.6822520970 -542.9522384690 1
-302.4211632270 -542.3184446720 1
-303.6038320410 -541.8924603430 1
-303.4865039180 -542.0323719780 1
-305.1124604340 -538.8247487280 0
-301.6520425050 -543.1517278910 1
-299.1868519690 -547.5368058270 1
-303.5633139120 -541.7736404870 1
-297.4148870610 -546.3605594780 0
-300.7173840840 -542.0398551610 0
-304.2469131810 -541.9108287500 1
-292.2534017390 -544.2118544910 0
-305.2629693900 -540.9682203810 1
-301.9969525670 -542.4750570580 1
-305.0376052010 -541.5822172490 1
-300.2718788830 -544.1284010130 1
-300.9972713330 -544.3343620240 1
-294.6886171030 -545.8556331350 0
-305.0998056040 -540.2179508700 1
-297.9096878140 -547.2504162980 1
-304.5354311080 -541.3973569090 1
-304.6948582830 -542.0287168990 1
-304.5049311690 -542.4431675590 1
-301.3292836610 -543.1930902960 1
-295.2856922780 -543.9161031990 0
-298.8875719510 -546.1512752510 0
-297.9394721010 -546.5446832430 0
-291.5529084690 -544.9158769410 0
-307.3217634980 -543.5015119680 1
-300.7189464130 -542.3459511830 0
-297.4171587980 -547.6120565700 1
-303.9598475190 -540.2904788210 0
-304.6426605650 -541.1566212010 1
-302.9549153560 -540.5482779420 0
-300.6233611780 -542.5099575390 0
-298.8004436400 -546.3315869430 1
-299.3663589710 -546.3747092240 1
-300.5538497810 -544.4617837670 1
-310.0965710590 -539.8675155910 1
-300.3530628720 -544.0627549090 1
-304.5976130020 -541.6456287980 1
-302.0850567360 -542.7775861900 1
-297.6711204320 -547.4302500780 1
-297.7548341550 -543.6247538380 0
-298.8439315600 -547.3575956180 1
-302.1384943190 -541.3190008410 0
-304.0971518260 -541.9354597240 1
-300.5267088790 -544.4126593070 1
-301.1237596910 -543.8359922090 1
-300.5457693060 -540.5031265220 0
-302.5997839520 -542.1625079930 1
-305.3624094900 -539.1826937780 0
-309.0189273260 -539.4363998470 1
-304.5399234220 -542.0715800870 1
-298.8474469130 -547.1072834130 1
-300.5086502940 -544.1256559680 1
-309.2166697730 -539.1896770780 1
-303.7244584620 -541.8883750610 1
-299.4545469020 -547.0568996150 1
-304.4715639580 -542.3732763560 1
-302.4747131320 -541.8868610360 1
-301.3646615270 -544.0569777570 1
-300.5744085350 -544.2371111440 1
-297.4945698960 -547.4057238990 1
-295.0382002090 -544.7465936300 0
-302.1291060040 -542.8284063770 1
-301.9850032690 -543.1061142440 1
-297.8348892940 -546.3968240570 0
-298.0506535660 -545.7996418460 0
-304.9809029720 -539.1989104050 0
-299.9694837160 -545.0244468410 1
-304.6873443420 -541.2012820090 1
-299.5696555520 -546.7959100400 1
-299.1199869510 -544.3994555000 0
-302.4571293550 -542.5500965600 1
-299.8374721800 -543.3301033410 0
-299.0958180890 -547.0015216650 1
-299.0159448320 -547.0292718250 1
-299.3889049310 -546.8003674900 1
-305.2632844930 -539.9212842250 1
-305.2508659770 -541.1664201300 1
-304.5723503600 -541.3008406920 1
-298.0118926540 -547.0944610050 1
-293.0314705170 -545.5436367810 0
-306.1997355400 -541.9182116650 1
-300.4105193130 -544.8283208820 1
-303.6890705710 -541.9898594740 1
-299.6386987620 -545.0013267360 1
-304.0442492410 -541.6367958210 1
-301.7628023550 -542.5696420930 1
-301.7897754340 -540.7160327670 0
-304.2164167370 -542.5301181820 1
-300.3998263450 -544.1105242440 1
-302.8437863100 -542.4255446840 1
-305.1623663810 -540.4626417700 1
-302.2915263730 -542.4537397810 1
-301.1990728870 -543.5787554910 1
-302.2347016500 -542.3972917060 1
-300.0521721350 -543.4352206730 0
-298.5046478700 -543.4326843210 0
-300.5693591940 -543.9912460200 1
-299.3731090580 -546.9907646610 1
-305.3630183110 -539.3291939740 0
-301.0806125560 -543.4061602630 1
-298.0363556660 -547.1072014050 1
-309.2710183840 -540.0037708490 1
-297.6379365670 -547.4084620670 1
-305.1849772180 -540.2150704130 1
-305.3908804750 -539.2306200660 0
-299.4124075020 -544.8352928140 0
-299.3065735790 -543.4225487450 0
-305.0137062400 -541.2316088820 1
-304.1182580110 -542.1453122970 1
-297.3247093550 -545.8724006710 0
-305.2759065110 -538.5891514500 0
-303.0288145030 -542.0631133060 1
-301.9364694890 -543.0322475140 1
-302.9851944860 -542.0112983800 1
-301.2571953050 -540.4728085030 0
-301.7821021180 -542.9372412260 1
-302.9550755890 -540.4909922470 0
-299.9645938170 -544.6048418380 1
