-738.7915884560 -739.4765710890 1
-729.9119021430 -744.0356261390 0
-731.1436909540 -744.1243029740 0
-729.2254808570 -739.7748225680 1
-730.9479062940 -743.9799163570 0
-732.0131004110 -741.5675998360 1
-738.5777862940 -739.4393941140 1
-736.1475650300 -741.5166364320 0
-737.2821539570 -739.4291662070 1
-736.3547724200 -739.7011954630 1
-731.5255997780 -741.8007470530 1
-736.9992542310 -739.4336250390 1
-732.3144798320 -741.4706789780 1
-737.7192879700 -745.7919477820 0
-734.2578922770 -739.8435512610 1
-738.4805330620 -742.0380668630 0
-732.4551512620 -741.2221952780 1
-731.6355798150 -741.4064656980 1
-730.9281423930 -739.9641758940 1
-733.0661869300 -740.6295772420 1
-729.1664904530 -739.9166206800 1
-735.0383674010 -739.9242343420 1
-732.1921859030 -743.2942905390 0
-728.2511803060 -742.7023344500 0
-735.7512115440 -739.7705969480 1
-730.6976748170 -744.4131048900 0
-738.9332276570 -738.9988310560 1
-739.0546944740 -739.3457029660 1
-729.3276590140 -742.9562903290 0
-739.8123021820 -739.3644453210 1
-736.0926658920 -739.7270696960 1
-737.9138317150 -738.9437197130 1
-734.3218514760 -742.4324950730 0
-731.9860231690 -743.6007853660 0
-737.8529025350 -741.4412625810 0
-734.8283397370 -742.0707140300 0
-736.2741786230 -742.1152615410 0
-736.9663243890 -742.0493818790 0
-731.2763227270 -744.0496213510 0
-731.2232078910 -740.9661472240 1
-729.5890642810 -743.1279957020 0
-733.4897302640 -740.4981705210 1
-730.2869507050 -739.8890796810 1
-734.1575299120 -740.4755445660 1
-732.4948544100 -742.9496468120 0
-734.3399744340 -740.3385913700 1
-731.2127177260 -740.5851698680 1
-731.2122984600 -740.8789746510 1
-732.3210934460 -741.2441391720 1
-730.3419215930 -744.0592842500 0
-737.0704806290 -741.8524198550 0
-728.6121117400 -740.7068759380 1
-733.2198547790 -740.6455436510 1
-730.5085871880 -740.6574578410 1
-733.1670459010 -740.4552872890 1
-730.4102420440 -739.8031108210 1
-737.6854225380 -738.7524555490 1
-731.6466918550 -741.7887813690 1
-730.8242250380 -743.9949088180 0
-734.0651990830 -740.2206956800 1
-737.2214568720 -739.0544210480 1
-731.0393089750 -741.7084657130 1
-736.0166852270 -739.3190651330 1
-739.7303167780 -739.8931137450 1
-734.8095650020 -742.0172351340 0
-738.7454623000 -739.3388358470 1
-729.0929659490 -742.1429875330 0
-729.1645140130 -740.0882129140 1
-737.2588451930 -741.2714023330 0
-739.3505457270 -739.2893385490 1
-734.1883998650 -740.2236559060 1
-734.7259162240 -742.0354904180 0
-731.3287162050 -741.8517111970 1
-729.7272572820 -744.2712974900 0
-734.7327900100 -740.2534635150 1
-727.7526100170 -742.7023327650 0
-731.4134948410 -741.0552979730 1
-739.5952835970 -739.7865354820 1
-736.4078171450 -739.5124221100 1
-729.8170158670 -740.1286358130 1
-729.9378548770 -743.5842199490 0
-738.8713171120 -739.0609813900 1
-730.0673010690 -740.2042708530 1
-729.6624269650 -743.5442279460 0
-732.4255052380 -741.4726159510 1
-728.3489518030 -742.3305543710 0
-735.6758362770 -742.3353923580 0
-728.8032198280 -742.2204242270 0
-738.1702927460 -741.7660306340 0
-733.9774328310 -740.4193591210 1
-738.7627932870 -739.3621409300 1
-737.1928712890 -739.0806544780 1
-739.5145464800 -739.2822464620 1
-730.3511041100 -740.0448905770 1
-732.7332027150 -740.9757055720 1
-734.7538360250 -741.8724277550 0
-729.8153005770 -739.5103046880 1
-734.4191130380 -742.2927477000 0
-731.4252900030 -741.2743342050 1
-738.8704871280 -739.5501830580 1
-739.1899686550 -738.6716286840 1
-736.2220262790 -739.3161763550 1
-729.7646105450 -740.0259140530 1
-735.4550730760 -740.0953410600 1
-736.4296757960 -741.8988434170 0
-734.9192044840 -740.1356500280 1
-735.9160447770 -741.5702819440 0
-728.0414500980 -742.6027085590 0
-738.5568751330 -738.4971062810 1
-727.7015679560 -742.9393052880 0
-735.5905707940 -739.4888754580 1
-736.7268346150 -739.6396203700 1
-735.8794420480 -739.8889916620 1
-736.4040957340 -741.5005526090 0
-738.3276970430 -742.0208717820 0
-729.5774968620 -739.8246419640 1
-732.8122739950 -740.9503616480 1
-738.0925743840 -739.1357676010 1
-730.0070557240 -739.7498834050 1
-728.8827328020 -740.5988160950 1
-739.3906965310 -738.7232880310 1
-733.7672807810 -740.2382578010 1
-739.0297449890 -739.1194528550 1
-739.6647032420 -739.2151753300 1
-736.2566164100 -739.8570971490 1
-736.3427121810 -739.1468101280 1
-739.5206813300 -739.1725629200 1
-731.6598140690 -741.8377101560 1
-730.1165580060 -739.5680629730 1
-737.9099329600 -738.9953068010 1
-734.6284958710 -740.1583595240 1
-731.9459558800 -741.7216947070 1
-739.0655727940 -738.8780610990 1
-735.4582043950 -739.4967092550 1
-734.7971877000 -742.4001718680 0
-731.0450540360 -740.1266812220 1
-733.6929595680 -742.4721891170 0
-734.0118850010 -740.1566221290 1
-729.3069671250 -743.3407722100 0
-731.7940789800 -741.0367573380 1
-734.6781239220 -742.5172479590 0
-733.0573977260 -740.6598403080 1
-738.3705267850 -741.6321818150 0
-730.9993667500 -741.6293683180 1
-738.0031881160 -741.6307456910 0
-738.7458883450 -741.9521818620 0
-737.1106138930 -739.4471141820 1
-729.6819364560 -743.9151620760 0
-736.3904911200 -739.4968125050 1
-732.3227855470 -743.4514334930 0
-730.8094396030 -741.1609049110 1
-730.7458659900 -739.6941024390 1
-736.5578964370 -739.2902975440 1
-733.9529924230 -742.1033109490 0
-733.0937043940 -742.4984920100 0
-734.6315784980 -739.8145353400 1
-729.9538756090 -740.2334018800 1
-741.4564066410 -746.5678738080 0
-730.8777269960 -743.8512149400 0
-735.1023061250 -740.1884792940 1
-736.1964078590 -746.0453596830 0
-737.6409390470 -739.0647131240 1
-733.4495283780 -740.7366749920 1
-736.0859831290 -739.3910689290 1
-731.5903039990 -741.0165429660 1
-738.3884562110 -742.5578915370 0
-735.4786748890 -740.0490718270 1
-730.7714275360 -743.7600553840 0
-729.6739003300 -739.9606242820 1
-737.2720036890 -739.2711977370 1
-728.7334162450 -740.6759550420 1
-739.1655265820 -739.3735716640 1
-732.6775600510 -741.0500538680 1
-729.1382513750 -740.1794331840 1
-728.0260406560 -742.4712164820 0
-732.9674113120 -743.0581463620 0
-737.6976393860 -741.8187324660 0
-736.6535154070 -741.9386266060 0
-738.3157539690 -739.0561178670 1
-731.0547040250 -744.0065176030 0
-732.1912162520 -740.9468763930 1
-737.3939173130 -738.9786700510 1
-739.6274530460 -738.8495075560 1
-729.1036016060 -743.1143471580 0
-733.5007440540 -742.2925691810 0
-729.9108586950 -744.4479979460 0
-738.4129892870 -738.9350634450 1
-734.3019368600 -739.7838048210 1
-735.8677332710 -739.3722549110 1
-728.0181928250 -742.8677917380 0
-730.0205927830 -740.0851921980 1
-734.2025042050 -742.2636441390 0
-730.3012080820 -740.4275432930 1
-730.8369065810 -739.8611370380 1
-739.1770658240 -739.3112556640 1
-736.0097873970 -739.2003041180 1
-735.7814137320 -741.7855294090 0
-731.6030613790 -741.7244688410 1
-729.9626929570 -744.1541303750 0
-735.2224526250 -739.5142226790 1
-737.4118100220 -745.4204665450 0
-734.1737804190 -740.1764678460 1
-733.3075791930 -740.9445835580 1
-732.8625678310 -741.1253528020 1
-737.7414181770 -738.8307267100 1
-733.6825516930 -740.2588121610 1
-735.9467768860 -742.0317889090 0
-730.6745782610 -740.8984503370 1
-735.6000986270 -742.0777559880 0
-730.0359270040 -744.2226442560 0
-738.0514211400 -739.3753381620 1
-729.6971913950 -743.3475694860 0
-734.3824818160 -739.7331801730 1
-729.8168739370 -740.2089206700 1
-737.1439406470 -739.2086309920 1
-732.5300424450 -743.1506998240 0
-739.1385683890 -738.9115886280 1
-736.1353971000 -739.9462917060 1
-730.0328506300 -743.4210987640 0
-729.9404530910 -743.3887158160 0
-729.4759109520 -739.7244917830 1
-738.5950054440 -738.9688046260 1
-729.4239342350 -743.1549600020 0
-729.8411017970 -742.5824953880 0
-738.3593382800 -738.7900864810 1
-735.8049516130 -739.8360455890 1
-732.6265619870 -742.9875040150 0
-733.9820345800 -739.8983798610 1
-734.1080933690 -742.3978116250 0
-729.3917409270 -740.2229069720 1
-739.5069450580 -739.1701524700 1
-729.4011811480 -739.9929885920 1
-736.3150370110 -742.0487234280 0
-736.4305015560 -739.2351766800 1
-732.5542825090 -740.7710025870 1
-729.2559696740 -742.4263265630 0
-739.4095742970 -739.2064119520 1
-739.7867967140 -739.3682801600 1
-734.8402275930 -739.6572542570 1
-732.7935635340 -742.9792251210 0
-731.0728418600 -740.4768197730 1
-731.8776793350 -743.2279263580 0
-734.0089102850 -739.8975980990 1
-736.9496408640 -739.5556504880 1
-738.8694924140 -741.8149446270 0
-738.4592263540 -738.8661849020 1
-733.8297425860 -742.5624822600 0
-736.4265319630 -739.1469167020 1
-737.3654043790 -741.9722055610 0
-729.5309817530 -740.0833182500 1
-737.2836342620 -739.2198318050 1
-730.8994025970 -743.8178552650 0
-731.8942802780 -743.3136759650 0
-729.0546243130 -740.1325597970 1
-735.7404700870 -741.6408263100 0
-731.5871113740 -741.0711790010 1
-733.7372578280 -740.1900468810 1
-730.8332809410 -740.9064040390 1
-727.7187154090 -735.9690339320 1
-736.0915499280 -741.8167851630 0
-735.9171564920 -739.3875229240 1
-730.7325665660 -740.2255858240 1
-735.9650524350 -741.8440435670 0
-730.9424817620 -740.9282383480 1
-730.2369184200 -739.5455297970 1
-733.9958418970 -740.1164838200 1
-732.5695836790 -743.2909412450 0
-737.7801031920 -742.2118281720 0
-734.1174195790 -740.3942336190 1
-737.8522285550 -739.0159067750 1
-729.4226368420 -742.4470176290 0
-734.9339523770 -739.4991153170 1
-735.1846587430 -742.3788447140 0
-731.9169249910 -741.3281681910 1
-733.5123327200 -742.9537968310 0
-732.2756460130 -741.1180236200 1
-739.7621764450 -739.0150826110 1
-735.0553727770 -739.8245018900 1
-737.8495848040 -739.2714023030 1
-731.3622337860 -741.5457409000 1
-731.0227509390 -741.7536549860 1
-732.2268332330 -741.2021723840 1
-736.9418440060 -741.4687703650 0
-737.8696781780 -739.3865898040 1
-735.2103125620 -739.9475335250 1
-738.5411702230 -739.0335011640 1
-728.6417185570 -740.3774224210 1
-737.5246428400 -738.9959039720 1
-742.8413700960 -743.5060163300 0
-734.0898668850 -742.5625635250 0
-731.1550055410 -741.4947951020 1
-740.2779057880 -745.6944710450 0
-730.5440665390 -744.2117289430 0
-736.3829822150 -739.4770540710 1
-734.3824014440 -741.9673471650 0
-733.7876694680 -740.1157940830 1
-737.3552982220 -739.3695569730 1
-731.2221244290 -740.6613595540 1
-737.6887922130 -738.9523339600 1
-733.6749137800 -742.2066173500 0
-731.4028891190 -740.9366376000 1
-730.0030413290 -739.9520336930 1
-728.8793936230 -740.1775342380 1
-738.8174501920 -739.2005503150 1
-727.6837752340 -742.8269507240 0
-738.8641002490 -738.5731261450 1
-738.3458794050 -739.1467760250 1
-738.0379805470 -739.1984002890 1
-737.9640342840 -739.0242772760 1
-734.4902124120 -739.6219768840 1
-736.8668800240 -739.4338294440 1
-728.8475411100 -740.2103199830 1
-731.2773642500 -740.7046313070 1
-737.8381705920 -739.3787953900 1
-735.8299559910 -742.3116195040 0
-734.5623948690 -740.3095245020 1
-729.9968132270 -739.6934675970 1
-738.2249898060 -742.2315844220 0
-737.1544267780 -741.7100586250 0
-729.4403520890 -739.9637206610 1
-739.1203498380 -739.1775645660 1
-735.1657173120 -739.6761447690 1
-735.7880278710 -739.4878067350 1
-733.7851089010 -745.4075969410 0
-736.0917367160 -739.3505765350 1
-738.0550397120 -741.4311114350 0
-731.7078302000 -741.1904743510 1
-735.6404670630 -741.9394963600 0
-736.4485109090 -741.4047960160 0
-732.7840506660 -740.6476970670 1
-732.2377842940 -741.1741778790 1
-729.3815856510 -740.1810253090 1
-731.0909854830 -743.8779966010 0
-728.8953658630 -743.0090752520 0
-735.9403996740 -739.7959488360 1
-732.0384072270 -741.5835931620 1
-728.4948890440 -734.9873257710 1
-728.5938570480 -740.7674745510 1
-729.4312274680 -739.8230190970 1
-739.2526982120 -738.9087869580 1
-736.6816689000 -741.4728308100 0
-731.5661899470 -741.1591676940 1
-731.1252997610 -740.4850119390 1
-732.5540673320 -741.3796907250 1
-730.6932174120 -739.8418500140 1
-740.0752602960 -739.1216041470 1
-733.4775991680 -742.5082100870 0
-738.2050927080 -741.5817311670 0
-735.3067557350 -739.9944607300 1
-733.5943418110 -739.7526784040 1
-733.5134306890 -740.6002050310 1
-733.9580866570 -740.2456324670 1
-731.5278328080 -741.5524152480 1
-738.3437161740 -742.2890910340 0
-731.5820786330 -741.8056722600 1
-736.3878748730 -739.6891340380 1
-739.4422243020 -748.2513304160 0
-732.2699214990 -741.2921491060 1
-731.2874098530 -741.3178734220 1
-735.9504024200 -739.6688190490 1
-729.9106535400 -739.6858352830 1
-732.6400785660 -743.2861348030 0
-738.3737416290 -742.3095683620 0
-732.7657374100 -740.8585699450 1
-739.7125662100 -739.5651751350 1
-728.2657126020 -742.6312119430 0
-729.4364429140 -740.3077234210 1
-734.7570656330 -740.0304637710 1
-730.3886548660 -740.2393274800 1
-732.3638756880 -743.0917265740 0
-729.5287313150 -742.4005724090 0
-737.8060498130 -738.8309898870 1
-734.5714731120 -739.6193502500 1
-739.8977677430 -739.5256808030 1
-727.7684357750 -742.7736252450 0
-734.7054081790 -739.6515847860 1
-732.2728385550 -741.0710997000 1
-739.0810055020 -738.8963247980 1
-739.5765842300 -739.1185255990 1
-735.3894959250 -742.2105804030 0
-735.0916283960 -739.8432809290 1
-738.0051398270 -741.6131091220 0
-730.0832627750 -744.5531754930 0
-729.1242735240 -740.2458346470 1
-738.9083693690 -738.9622434170 1
-730.1350737850 -743.9380442200 0
-739.6613399990 -739.2064923030 1
-738.1751243830 -739.0781237420 1
-733.9218550350 -740.1885991980 1
-734.0725821940 -742.5028426860 0
-732.1859227550 -741.4002770180 1
-728.6339275010 -740.4615694040 1
-730.3459194820 -739.4528707420 1
-735.9807748900 -742.2144609900 0
-736.4606166730 -741.9729266980 0
-735.1421891270 -739.4033047100 1
-735.1496589040 -742.0386526690 0
-735.8176978830 -739.5452382290 1
-729.3680922510 -740.1013948070 1
-733.3059857770 -740.5824962540 1
-738.5080411700 -742.2846746290 0
-730.4714264430 -744.4657939720 0
-725.3691983240 -737.4783908360 0
-743.1069536590 -743.9723381560 0
-733.0563143550 -740.8672753910 1
-738.5154685410 -739.0157225580 1
-728.9602566220 -740.3986277610 1
-733.1971433270 -740.7069737890 1
-728.4489812210 -742.6656606490 0
-732.0423407180 -743.1277607090 0
-737.8366593480 -738.8006586290 1
-733.9819673470 -742.7045656460 0
-741.2393830690 -744.5668542620 0
-731.8306216070 -741.3912286720 1
-730.2942052820 -740.4429023440 1
-730.5362103430 -740.3058762870 1
-738.9465668950 -739.1457492300 1
-731.0089354170 -741.0659794900 1
-732.9455413530 -741.1751567080 1
-727.7170967010 -743.2065932130 0
-736.4432165090 -741.7084525820 0
-737.0531347040 -738.9555423480 1
-729.6154273670 -743.4080700410 0
-739.9003666370 -739.4401814290 1
-729.4010643360 -743.4867634250 0
-735.8300935600 -739.9458324510 1
-730.6041606600 -740.7167027520 1
-735.7943377940 -739.6717727450 1
-735.4207840500 -739.5858765070 1
-732.7813208960 -740.6897444880 1
-739.9118552540 -738.9778420250 1
-730.9316864710 -741.5462591980 1
-737.6770127540 -742.0387583100 0
-733.5506691640 -742.9520909970 0
-733.3205626900 -742.4952236260 0
-729.0810598850 -740.0330820550 1
-732.0259119490 -741.2208432010 1
-736.5003918340 -739.2722451470 1
-730.7684704540 -740.3986014680 1
-735.5719462990 -742.3234458680 0
-739.4490840050 -739.1136623040 1
-733.5844556440 -740.3282936740 1
-731.3944866110 -741.1707251820 1
-732.6650440130 -742.6953446920 0
-739.3572188170 -739.1593888390 1
-730.4634159640 -740.1198461320 1
-729.5798507730 -739.9116672680 1
-738.2952686490 -738.5517356170 1
-734.1085769970 -740.4736828450 1
-734.2987998800 -739.8576433000 1
-735.7688915570 -739.5396462780 1
-734.3697798410 -742.6588407380 0
-733.7519883680 -740.3943944080 1
-725.6178026950 -741.2671081440 1
-731.3217859830 -741.3885533340 1
-736.1099994090 -739.3905589460 1
-729.1158841580 -742.5047139970 0
-739.2539162940 -738.9142348820 1
-734.8545181760 -740.0403372630 1
-734.0286957250 -740.0158742480 1
-736.8204728220 -741.9684804380 0
-738.8250194290 -739.3896585210 1
-735.2197286200 -739.6514545670 1
-729.5907257050 -739.8992226210 1
-731.0559718910 -741.2236740090 1
-737.8599678440 -738.9338375860 1
-729.8582516120 -742.6595248370 0
-730.2919201960 -739.5976011630 1
-739.8316744870 -738.9594928320 1
